40	11
0	0	0	0	0	-20	0	0	125.664	0.192009	24.1286
0	0	0	0	1	-19	0	0	119.381	0.210385	25.1159
0	0	0	0	2	-18	0	0	113.097	0.231128	26.1399
0	0	0	0	3	-17	0	0	106.814	0.25468	27.2034
0	0	0	0	4	-16	0	0	100.531	0.281553	28.3048
0	0	0	0	5	-15	0	0	94.2478	0.312413	29.4442
0	0	0	0	6	-14	0	0	87.9646	0.348096	30.6201
0	0	0	0	7	-13	0	0	81.6814	0.389733	31.834
0	0	0	0	8	-12	0	0	75.3982	0.438742	33.0804
0	0	0	0	9	-11	0	0	69.115	0.497168	34.3618
0	0	0	0	10	-10	0	0	62.8319	0.567726	35.6713
0	0	0	0	11	-9	0	0	56.5487	0.654533	37.013
0	0	0	0	12	-8	0	0	50.2655	0.763596	38.3825
0	0	0	0	13	-7	0	0	43.9823	0.904391	39.7772
0	0	0	0	14	-6	0	0	37.6991	1.0927	41.1937
0	0	0	0	15	-5	0	0	31.4159	1.35695	42.6297
0	0	0	0	16	-4	0	0	25.1327	1.75403	44.0835
0	0	0	0	17	-3	0	0	18.8496	2.41653	45.5505
0	0	0	0	18	-2	0	0	12.5664	3.74235	47.0278
0	0	0	0	19	-1	0	0	6.28319	7.72097	48.5123
0	0	0	0	20	1	0	0	6.28319	7.72097	48.5123
0	0	0	0	21	2	0	0	12.5664	3.74235	47.0278
0	0	0	0	22	3	0	0	18.8496	2.41653	45.5505
0	0	0	0	23	4	0	0	25.1327	1.75402	44.0834
0	0	0	0	24	5	0	0	31.4159	1.35696	42.6301
0	0	0	0	25	6	0	0	37.6991	1.09269	41.1934
0	0	0	0	26	7	0	0	43.9823	0.904384	39.7769
0	0	0	0	27	8	0	0	50.2655	0.763601	38.3828
0	0	0	0	28	9	0	0	56.5487	0.654537	37.0132
0	0	0	0	29	10	0	0	62.8319	0.567733	35.6717
0	0	0	0	30	11	0	0	69.115	0.497146	34.3603
0	0	0	0	31	12	0	0	75.3982	0.438759	33.0817
0	0	0	0	32	13	0	0	81.6814	0.389738	31.8343
0	0	0	0	33	14	0	0	87.9646	0.34811	30.6214
0	0	0	0	34	15	0	0	94.2478	0.312426	29.4455
0	0	0	0	35	16	0	0	100.531	0.28156	28.3055
0	0	0	0	36	17	0	0	106.814	0.254696	27.2051
0	0	0	0	37	18	0	0	113.097	0.231148	26.1423
0	0	0	0	38	19	0	0	119.381	0.210402	25.1179
0	0	0	0	39	20	0	0	125.664	0.192024	24.1305
