x	y	z	Ex	Ey	Ez	Jx	Jy	Jz	U
-20	-20	5	0.00078012427	0.00077607343	1.3312502e-05	7.8012427e-06	7.7607343e-06	1.3312502e-07	0.031707698
-20	-18	5	0.0007834711	0.00077409926	1.4061424e-05	7.834711e-06	7.7409926e-06	1.4061424e-07	0.030155535
-20	-16	5	0.0007866521	0.00077099152	1.3371893e-05	7.866521e-06	7.7099152e-06	1.3371893e-07	0.028611935
-20	-14	5	0.00078966583	0.00076758303	1.2456424e-05	7.8966583e-06	7.6758303e-06	1.2456424e-07	0.027071722
-20	-12	5	0.00079171578	0.0007651005	1.5072691e-05	7.9171578e-06	7.651005e-06	1.5072691e-07	0.025536615
-20	-10	5	0.00079126338	0.00076275536	1.4403184e-05	7.9126338e-06	7.6275536e-06	1.4403184e-07	0.024008782
-20	-8	5	0.00078567795	0.00075793192	1.0825432e-05	7.8567795e-06	7.5793192e-06	1.0825432e-07	0.022492075
-20	-6	5	0.00078759548	0.00076212459	2.0345867e-05	7.8759548e-06	7.6212459e-06	2.0345867e-07	0.020972957
-20	-4	5	0.00078577943	0.00077140137	1.7524444e-05	7.8577943e-06	7.7140137e-06	1.7524444e-07	0.019438068
-20	-2	5	0.0007694163	0.00078441117	2.5203835e-05	7.694163e-06	7.8441117e-06	2.5203835e-07	0.017883679
-20	0	5	0.00077978482	0.00081110439	1.8969566e-05	7.7978482e-06	8.1110439e-06	1.8969566e-07	0.016292146
-20	2	5	0.00079844702	0.00083480363	1.1257949e-05	7.9844702e-06	8.3480363e-06	1.1257949e-07	0.014649693
-20	4	5	0.00082518654	0.00081679033	9.027978e-06	8.2518654e-06	8.1679033e-06	9.027978e-08	0.012994005
-20	6	5	0.00083998916	0.00081707415	2.3260831e-06	8.3998916e-06	8.1707415e-06	2.3260831e-08	0.011358129
-20	8	5	0.00083622952	0.00080982235	3.657042e-06	8.3622952e-06	8.0982235e-06	3.657042e-08	0.0097344058
-20	10	5	0.00083840653	0.00080915547	3.1715844e-06	8.3840653e-06	8.0915547e-06	3.1715844e-08	0.0081164163
-20	12	5	0.0008385178	0.00081045173	1.6897051e-06	8.385178e-06	8.1045173e-06	1.6897051e-08	0.006498595
-20	14	5	0.00083732626	0.0008130279	2.4596074e-07	8.3732626e-06	8.130279e-06	2.4596074e-09	0.0048759053
-20	16	5	0.00083708797	0.00081824522	-3.1805197e-07	8.3708797e-06	8.1824522e-06	-3.1805197e-09	0.0032451889
-20	18	5	0.00083678386	0.00082395692	-7.0791151e-07	8.3678386e-06	8.2395692e-06	-7.0791151e-09	0.0016028511
-20	20	5	0.00083521521	0.00083033013	-1.0436588e-06	8.3521521e-06	8.3033013e-06	-1.0436588e-08	-5.1102739e-05
-18	-20	5	0.00077733538	0.00078103596	1.3210277e-05	7.7733538e-06	7.8103596e-06	1.3210277e-07	0.030150203
-18	-18	5	0.00078122504	0.00077876105	1.3297465e-05	7.8122504e-06	7.7876105e-06	1.3297465e-07	0.028591011
-18	-16	5	0.00078523568	0.00077398374	1.3012056e-05	7.8523568e-06	7.7398374e-06	1.3012056e-07	0.027039759
-18	-14	5	0.00078878543	0.0007719518	1.5236439e-05	7.8878543e-06	7.719518e-06	1.5236439e-07	0.025493394
-18	-12	5	0.00079105325	0.00076688499	1.6416621e-05	7.9105325e-06	7.6688499e-06	1.6416621e-07	0.023954784
-18	-10	5	0.00079038375	0.00076306891	1.3271359e-05	7.9038375e-06	7.6306891e-06	1.3271359e-07	0.022425732
-18	-8	5	0.00079008067	0.00075435768	1.8128412e-05	7.9008067e-06	7.5435768e-06	1.8128412e-07	0.020911607
-18	-6	5	0.0007700113	0.00073943125	2.8606729e-05	7.700113e-06	7.3943125e-06	2.8606729e-07	0.019420072
-18	-4	5	0.00073349935	0.00073995717	1.4197094e-05	7.3349935e-06	7.3995717e-06	1.4197094e-07	0.017933272
-18	-2	5	0.00062959348	0.00080390524	3.0911489e-05	6.2959348e-06	8.0390524e-06	3.0911489e-07	0.016427779
-18	0	5	0.00068483744	0.0008340198	-1.8293598e-07	6.8483744e-06	8.340198e-06	-1.8293598e-09	0.014833522
-18	2	5	0.00077309791	0.00085780039	1.3572702e-05	7.7309791e-06	8.5780039e-06	1.3572702e-07	0.01307444
-18	4	5	0.00084153944	0.00086085725	6.981509e-06	8.4153944e-06	8.6085725e-06	6.981509e-08	0.011341605
-18	6	5	0.0008676906	0.0008148212	2.2669373e-07	8.676906e-06	8.148212e-06	2.2669373e-09	0.0096759162
-18	8	5	0.00084103186	0.0008084286	3.1916388e-06	8.4103186e-06	8.084286e-06	3.1916388e-08	0.0080531531
-18	10	5	0.0008372967	0.00080491352	8.0001988e-07	8.372967e-06	8.0491352e-06	8.0001988e-09	0.0064377673
-18	12	5	0.00083431594	0.00080708219	-7.4832507e-07	8.3431594e-06	8.0708219e-06	-7.4832507e-09	0.0048267884
-18	14	5	0.00083225143	0.00081322333	-4.2524734e-07	8.3225143e-06	8.1322333e-06	-4.2524734e-09	0.0032071607
-18	16	5	0.00083095457	0.00081741912	-7.5183234e-07	8.3095457e-06	8.1741912e-06	-7.5183234e-09	0.0015766131
-18	18	5	0.00083019365	0.00082395808	-1.3816772e-06	8.3019365e-06	8.2395808e-06	-1.3816772e-08	-6.4064659e-05
-18	20	5	0.00082946928	0.000829261	-2.5473335e-06	8.2946928e-06	8.29261e-06	-2.5473335e-08	-0.001716304
-16	-20	5	0.00077724225	0.00078424899	1.2173236e-05	7.7724225e-06	7.8424899e-06	1.2173236e-07	0.028596462
-16	-18	5	0.00077892787	0.00078069529	1.2565483e-05	7.7892787e-06	7.8069529e-06	1.2565483e-07	0.027029464
-16	-16	5	0.00078329073	0.00077775646	1.2215477e-05	7.8329073e-06	7.7775646e-06	1.2215477e-07	0.02547154
-16	-14	5	0.00078584011	0.0007750871	1.4830891e-05	7.8584011e-06	7.750871e-06	1.4830891e-07	0.023918112
-16	-12	5	0.00079514412	0.00076602978	1.407767e-05	7.9514412e-06	7.6602978e-06	1.407767e-07	0.022375111
-16	-10	5	0.00079134405	0.00075625901	1.0949794e-05	7.9134405e-06	7.5625901e-06	1.0949794e-07	0.020847858
-16	-8	5	0.00079246939	0.00074821218	1.5630766e-05	7.9246939e-06	7.4821218e-06	1.5630766e-07	0.01933738
-16	-6	5	0.00077387694	0.0007112772	1.310305e-05	7.7387694e-06	7.112772e-06	1.310305e-07	0.017878551
-16	-4	5	0.00068468949	0.00053280489	0.00011985752	6.8468949e-06	5.3280489e-06	1.1985752e-06	0.016525851
-16	-2	5	0.0004448655	0.00070289934	6.02559e-05	4.448655e-06	7.0289934e-06	6.02559e-07	0.01525789
-16	0	5	0.00034903092	0.00096371012	-0.0001126235	3.4903092e-06	9.6371012e-06	-1.126235e-06	0.013660571
-16	2	5	0.00076133388	0.0010334806	-2.361514e-05	7.6133388e-06	1.0334806e-05	-2.361514e-07	0.011579354
-16	4	5	0.00097297607	0.00085109176	-1.6031088e-05	9.7297607e-06	8.5109176e-06	-1.6031088e-07	0.0096126979
-16	6	5	0.00085533451	0.00080305833	2.4172846e-06	8.5533451e-06	8.0305833e-06	2.4172846e-08	0.0079558962
-16	8	5	0.00084696329	0.00080015105	-1.8179965e-06	8.4696329e-06	8.0015105e-06	-1.8179965e-08	0.0063599075
-16	10	5	0.00083452381	0.00079528224	2.9840691e-06	8.3452381e-06	7.9528224e-06	2.9840691e-08	0.0047666741
-16	12	5	0.00082925473	0.00080744471	1.1940062e-06	8.2925473e-06	8.0744471e-06	1.1940062e-08	0.0031618159
-16	14	5	0.00082852113	0.00081121455	-1.0580322e-06	8.2852113e-06	8.1121455e-06	-1.0580322e-08	0.0015453091
-16	16	5	0.00082572351	0.00081624189	-2.3029065e-06	8.2572351e-06	8.1624189e-06	-2.3029065e-08	-8.2200288e-05
-16	18	5	0.00082505249	0.0008215944	-1.9238696e-06	8.2505249e-06	8.215944e-06	-1.9238696e-08	-0.0017200834
-16	20	5	0.00082401419	0.00082847382	-2.4055301e-06	8.2401419e-06	8.2847382e-06	-2.4055301e-08	-0.0033704205
-14	-20	5	0.00077441089	0.00078792099	1.247312e-05	7.7441089e-06	7.8792099e-06	1.247312e-07	0.027044835
-14	-18	5	0.00077729464	0.00078514988	1.2134754e-05	7.7729464e-06	7.8514988e-06	1.2134754e-07	0.025473
-14	-16	5	0.0007818159	0.00078218327	1.3146443e-05	7.818159e-06	7.8218327e-06	1.3146443e-07	0.02390617
-14	-14	5	0.00078525975	0.00077646564	1.2202143e-05	7.8525975e-06	7.7646564e-06	1.2202143e-07	0.022346476
-14	-12	5	0.00078778469	0.00077115092	1.2732812e-05	7.8778469e-06	7.7115092e-06	1.2732812e-07	0.020797912
-14	-10	5	0.00079980794	0.00076053716	1.701589e-05	7.9980794e-06	7.6053716e-06	1.701589e-07	0.019263725
-14	-8	5	0.00079805483	0.00075215487	1.4970991e-05	7.9805483e-06	7.5215487e-06	1.4970991e-07	0.017747392
-14	-6	5	0.00077888057	0.00069503029	2.3263686e-05	7.7888057e-06	6.9503029e-06	2.3263686e-07	0.016317144
-14	-4	5	0.00075749228	0.00048056982	3.1697182e-05	7.5749228e-06	4.8056982e-06	3.1697182e-07	0.015069881
-14	-2	5	0.00063491704	0.0011770454	0.00017049261	6.3491704e-07	1.1770454e-06	1.7049261e-07	0.013904721
-14	0	5	0.0014089356	0.0011145928	0.00011927195	1.4089356e-06	1.1145928e-06	1.1927195e-07	0.011902689
-14	2	5	0.0015888083	0.001542898	2.0353659e-05	1.5888083e-06	1.542898e-06	2.0353659e-08	0.0092479582
-14	4	5	0.00096413094	0.00063886619	2.9259381e-06	9.6413094e-06	6.3886619e-06	2.9259381e-08	0.0076105046
-14	6	5	0.00088537554	0.00076087613	-2.9972755e-06	8.8537554e-06	7.6087613e-06	-2.9972755e-08	0.0061945888
-14	8	5	0.00083972505	0.00078425978	-7.0679633e-06	8.3972505e-06	7.8425978e-06	-7.0679633e-08	0.0046678165
-14	10	5	0.00082872744	0.00079476731	-1.7203649e-06	8.2872744e-06	7.9476731e-06	-1.7203649e-08	0.0031009025
-14	12	5	0.00082911783	0.00080196893	-2.8298088e-06	8.2911783e-06	8.0196893e-06	-2.8298088e-08	0.0015043972
-14	14	5	0.00082317006	0.00080814867	-2.1494166e-06	8.2317006e-06	8.0814867e-06	-2.1494166e-08	-0.00010727427
-14	16	5	0.00082215443	0.00081530414	-3.4043778e-06	8.2215443e-06	8.1530414e-06	-3.4043778e-08	-0.0017309054
-14	18	5	0.00082048808	0.00082115442	-3.0680547e-06	8.2048808e-06	8.2115442e-06	-3.0680547e-08	-0.0033663606
-14	20	5	0.00082028738	0.00082623696	-3.5966917e-06	8.2028738e-06	8.2623696e-06	-3.5966917e-08	-0.0050140862
-12	-20	5	0.0007757365	0.00079122371	1.251169e-05	7.757365e-06	7.9122371e-06	1.251169e-07	0.02549518
-12	-18	5	0.00077936044	0.00078742216	1.1065741e-05	7.7936044e-06	7.8742216e-06	1.1065741e-07	0.023917198
-12	-16	5	0.00078006302	0.00078316356	1.6827315e-05	7.8006302e-06	7.8316356e-06	1.6827315e-07	0.022343367
-12	-14	5	0.00078338674	0.00078097866	1.6216674e-05	7.8338674e-06	7.8097866e-06	1.6216674e-07	0.020779309
-12	-12	5	0.00078973252	0.00077708825	1.4756792e-05	7.8973252e-06	7.7708825e-06	1.4756792e-07	0.019217169
-12	-10	5	0.00079925522	0.00077357845	1.7179071e-05	7.9925522e-06	7.7357845e-06	1.7179071e-07	0.01766563
-12	-8	5	0.00080584606	0.00076372479	1.3145449e-05	8.0584606e-06	7.6372479e-06	1.3145449e-07	0.016132054
-12	-6	5	0.00084790119	0.00071971654	-3.3574293e-06	8.4790119e-06	7.1971654e-06	-3.3574293e-08	0.014667591
-12	-4	5	0.00097829861	0.00055855826	2.758006e-05	9.7829861e-06	5.5855826e-06	2.758006e-07	0.013351704
-12	-2	5	0.0012289472	0.0013818921	1.0848983e-05	1.2289472e-06	1.3818921e-06	1.0848983e-08	0.011977287
-12	0	5	0.0012146478	0.0011031512	-2.9323019e-05	1.2146478e-06	1.1031512e-06	-2.9323019e-08	0.0093930884
-12	2	5	0.00089802455	0.0013785706	6.7825988e-06	8.9802455e-07	1.3785706e-06	6.7825988e-09	0.0069310393
-12	4	5	0.00086149794	0.00051721002	-1.4539373e-05	8.6149794e-06	5.1721002e-06	-1.4539373e-07	0.0057270226
-12	6	5	0.00084994641	0.00072329863	2.3205367e-06	8.4994641e-06	7.2329863e-06	2.3205367e-08	0.0044710978
-12	8	5	0.0008211606	0.00076760951	-6.4092811e-06	8.211606e-06	7.6760951e-06	-6.4092811e-08	0.0030015813
-12	10	5	0.00081926672	0.00079039542	-4.9713194e-06	8.1926672e-06	7.9039542e-06	-4.9713194e-08	0.0014501641
-12	12	5	0.00081748812	0.00080157276	-3.9287262e-06	8.1748812e-06	8.0157276e-06	-3.9287262e-08	-0.00013771206
-12	14	5	0.00081762352	0.00080730966	-3.7832782e-06	8.1762352e-06	8.0730966e-06	-3.7832782e-08	-0.0017469959
-12	16	5	0.00081791784	0.00081491229	-4.6301898e-06	8.1791784e-06	8.1491229e-06	-4.6301898e-08	-0.0033702582
-12	18	5	0.00081710397	0.0008192047	-4.563566e-06	8.1710397e-06	8.192047e-06	-4.563566e-08	-0.0050052215
-12	20	5	0.00081637043	0.00082400459	-5.4144989e-06	8.1637043e-06	8.2400459e-06	-5.4144989e-08	-0.0066493508
-10	-20	5	0.00077519915	0.00079089056	1.1466613e-05	7.7519915e-06	7.9089056e-06	1.1466613e-07	0.023945482
-10	-18	5	0.00077323275	0.00078682813	1.0535065e-05	7.7323275e-06	7.8682813e-06	1.0535065e-07	0.022365573
-10	-16	5	0.00077655759	0.00078040893	1.6302322e-05	7.7655759e-06	7.8040893e-06	1.6302322e-07	0.020792686
-10	-14	5	0.000774943	0.00078242155	1.1266495e-05	7.74943e-06	7.8242155e-06	1.1266495e-07	0.019219621
-10	-12	5	0.00078416252	0.00078481747	1.4833409e-05	7.8416252e-06	7.8481747e-06	1.4833409e-07	0.017646011
-10	-10	5	0.00079779419	0.00078629672	1.179538e-05	7.9779419e-06	7.8629672e-06	1.179538e-07	0.016070528
-10	-8	5	0.00080804516	0.00078525901	1.081248e-05	8.0804516e-06	7.8525901e-06	1.081248e-07	0.014493185
-10	-6	5	0.00086719479	0.00077315032	2.1152221e-05	8.6719479e-06	7.7315032e-06	2.1152221e-07	0.012938797
-10	-4	5	0.00095017511	0.00080809723	4.4989016e-05	9.5017511e-06	8.0809723e-06	4.4989016e-07	0.011389516
-10	-2	5	0.0016830893	0.0016835326	7.8679482e-05	1.6830893e-06	1.6835326e-06	7.8679482e-08	0.0091212893
-10	0	5	0.00031104834	0.001055604	-3.9669187e-05	3.1104834e-06	1.055604e-05	-3.9669187e-07	0.0066622701
-10	2	5	0.0002506432	0.00057736225	-1.2152249e-05	2.506432e-06	5.7736225e-06	-1.2152249e-07	0.0050610837
-10	4	5	0.00056770159	0.00050645651	-5.2425717e-05	5.6770159e-06	5.0645651e-06	-5.2425717e-07	0.0041326028
-10	6	5	0.00078949783	0.00071909421	-2.1135263e-05	7.8949783e-06	7.1909421e-06	-2.1135263e-07	0.0028431384
-10	8	5	0.00079655812	0.00076617272	-1.2194258e-05	7.9655812e-06	7.6617272e-06	-1.2194258e-07	0.0013762936
-10	10	5	0.00080022462	0.00079292068	-7.5194149e-06	8.0022462e-06	7.9292068e-06	-7.5194149e-08	-0.00017212652
-10	12	5	0.00080547358	0.00080770229	-6.2833486e-06	8.0547358e-06	8.0770229e-06	-6.2833486e-08	-0.0017640336
-10	14	5	0.00081383625	0.00081176373	-5.5272789e-06	8.1383625e-06	8.1176373e-06	-5.5272789e-08	-0.0033774115
-10	16	5	0.00081621399	0.00081406863	-4.8222322e-06	8.1621399e-06	8.1406863e-06	-4.8222322e-08	-0.0050045732
-10	18	5	0.00081425661	0.00081852975	-7.1680841e-06	8.1425661e-06	8.1852975e-06	-7.1680841e-08	-0.0066379866
-10	20	5	0.00081217135	0.00082324869	-6.2382852e-06	8.1217135e-06	8.2324869e-06	-6.2382852e-08	-0.0082777658
-8	-20	5	0.00077515513	0.00079204936	1.0400017e-05	7.7515513e-06	7.9204936e-06	1.0400017e-07	0.022396118
-8	-18	5	0.0007736787	0.00078854549	1.310525e-05	7.736787e-06	7.8854549e-06	1.310525e-07	0.020814339
-8	-16	5	0.00076927873	0.0007868928	1.5045078e-05	7.6927873e-06	7.868928e-06	1.5045078e-07	0.019243745
-8	-14	5	0.00075117144	0.00076732175	8.2856892e-06	7.5117144e-06	7.6732175e-06	8.2856892e-08	0.017681235
-8	-12	5	0.00077605535	0.0008046368	8.2873162e-06	7.7605535e-06	8.046368e-06	8.2873162e-08	0.01609686
-8	-10	5	0.00079126792	0.00081251742	1.9929058e-05	7.9126792e-06	8.1251742e-06	1.9929058e-07	0.014487546
-8	-8	5	0.00080168148	0.00081863033	1.1316046e-05	8.0168148e-06	8.1863033e-06	1.1316046e-07	0.012870063
-8	-6	5	0.00085111235	0.00082156165	8.691835e-06	8.5111235e-06	8.2156165e-06	8.691835e-08	0.011224456
-8	-4	5	0.00085185206	0.0008555845	5.2038345e-06	8.5185206e-06	8.555845e-06	5.2038345e-08	0.0095544869
-8	-2	5	0.00072607847	0.00090833174	8.6774959e-06	7.2607847e-06	9.0833174e-06	8.6774959e-08	0.0076867643
-8	0	5	0.00060837803	0.00085824763	1.2642933e-06	6.0837803e-06	8.5824763e-06	1.2642933e-08	0.0058340891
-8	2	5	0.00058483448	0.00077733314	9.2662394e-06	5.8483448e-06	7.7733314e-06	9.2662394e-08	0.0041993249
-8	4	5	0.00072470999	0.00072561142	-2.5695951e-05	7.2470999e-06	7.2561142e-06	-2.5695951e-07	0.0027592284
-8	6	5	0.00076267591	0.00074243964	-1.0362055e-05	7.6267591e-06	7.4243964e-06	-1.0362055e-07	0.0013151154
-8	8	5	0.00077362344	0.00077562049	-2.7469574e-06	7.7362344e-06	7.7562049e-06	-2.7469574e-08	-0.00019896563
-8	10	5	0.00078853709	0.00079799733	-4.1414506e-08	7.8853709e-06	7.9799733e-06	-4.1414506e-10	-0.0017611705
-8	12	5	0.0008056277	0.00081621597	-1.1197497e-05	8.056277e-06	8.1621597e-06	-1.1197497e-07	-0.0033719942
-8	14	5	0.00080982336	0.00081750822	-7.8272156e-06	8.0982336e-06	8.1750822e-06	-7.8272156e-08	-0.0050025191
-8	16	5	0.00082067029	0.00082520418	-1.1905821e-05	8.2067029e-06	8.2520418e-06	-1.1905821e-07	-0.00664007
-8	18	5	0.00081805707	0.00081347663	-7.8096964e-06	8.1805707e-06	8.1347663e-06	-7.8096964e-08	-0.0082702185
-8	20	5	0.00080945317	0.00081857626	-9.1783301e-06	8.0945317e-06	8.1857626e-06	-9.1783301e-08	-0.0098989864
-6	-20	5	0.00079098658	0.00079047387	1.5734351e-05	7.9098658e-06	7.9047387e-06	1.5734351e-07	0.020839218
-6	-18	5	0.00077785688	0.00078598735	1.3532983e-05	7.7785688e-06	7.8598735e-06	1.3532983e-07	0.019262638
-6	-16	5	0.00074789449	0.00076924327	8.0584861e-06	7.4789449e-06	7.6924327e-06	8.0584861e-08	0.017717649
-6	-14	5	0.0007217998	0.00078044663	1.0361656e-05	7.217998e-06	7.8044663e-06	1.0361656e-07	0.016176883
-6	-12	5	0.00072222971	0.00083083015	-1.1089413e-05	7.2222971e-06	8.3083015e-06	-1.1089413e-07	0.014609056
-6	-10	5	0.00075198885	0.00084433506	1.0112743e-05	7.5198885e-06	8.4433506e-06	1.0112743e-07	0.012944396
-6	-8	5	0.0007892771	0.00084088121	1.6818786e-05	7.892771e-06	8.4088121e-06	1.6818786e-07	0.011267534
-6	-6	5	0.00081141959	0.0008374013	6.0259047e-06	8.1141959e-06	8.374013e-06	6.0259047e-08	0.0095903277
-6	-4	5	0.00080681346	0.00085613897	-5.6303407e-06	8.0681346e-06	8.5613897e-06	-5.6303407e-08	0.0079003782
-6	-2	5	0.00078358506	0.00087430702	-7.1403535e-06	7.8358506e-06	8.7430702e-06	-7.1403535e-08	0.0061830125
-6	0	5	0.0007318635	0.00081813687	-4.2869403e-06	7.318635e-06	8.1813687e-06	-4.2869403e-08	0.004494713
-6	2	5	0.00071175697	0.00078362952	-1.0144882e-05	7.1175697e-06	7.8362952e-06	-1.0144882e-07	0.0028657103
-6	4	5	0.00074246066	0.00076050145	-2.7383736e-06	7.4246066e-06	7.6050145e-06	-2.7383736e-08	0.0013245364
-6	6	5	0.00074879148	0.00075744959	-7.5824933e-06	7.4879148e-06	7.5744959e-06	-7.5824933e-08	-0.00019261217
-6	8	5	0.00074909019	0.00077326188	-3.9344036e-06	7.4909019e-06	7.7326188e-06	-3.9344036e-08	-0.0017293948
-6	10	5	0.00076765506	0.00079540194	-5.9185654e-06	7.6765506e-06	7.9540194e-06	-5.9185654e-08	-0.0033114611
-6	12	5	0.00079991601	0.00083452173	-1.6668175e-05	7.9991601e-06	8.3452173e-06	-1.6668175e-07	-0.0049586353
-6	14	5	0.00081705913	0.00084139619	4.2249826e-07	8.1705913e-06	8.4139619e-06	4.2249826e-09	-0.0066412262
-6	16	5	0.00082875252	0.00081430691	-3.7743477e-06	8.2875252e-06	8.1430691e-06	-3.7743477e-08	-0.0082914332
-6	18	5	0.00082004376	0.0008109003	-1.0589064e-05	8.2004376e-06	8.109003e-06	-1.0589064e-07	-0.0099109684
-6	20	5	0.00082141978	0.00080473593	-2.4005902e-05	8.2141978e-06	8.0473593e-06	-2.4005902e-07	-0.011532868
-4	-20	5	0.00078511046	0.00079511146	1.0459723e-05	7.8511046e-06	7.9511146e-06	1.0459723e-07	0.019271101
-4	-18	5	0.00080063553	0.00074716766	-3.4666538e-06	8.0063553e-06	7.4716766e-06	-3.4666538e-08	0.017701077
-4	-16	5	0.000711683	0.00073838167	1.6308526e-05	7.11683e-06	7.3838167e-06	1.6308526e-07	0.016227788
-4	-14	5	0.00055480368	0.00073731258	6.2018153e-05	5.5480368e-06	7.3731258e-06	6.2018153e-07	0.014811746
-4	-12	5	0.00058912496	0.00083618995	2.8429985e-05	5.8912496e-06	8.3618995e-06	2.8429985e-07	0.013274084
-4	-10	5	0.00067534629	0.00092000672	2.8081819e-05	6.7534629e-06	9.2000672e-06	2.8081819e-07	0.01148934
-4	-8	5	0.00077333919	0.00090693119	3.0556559e-05	7.7333919e-06	9.0693119e-06	3.0556559e-07	0.0096803335
-4	-6	5	0.00081734488	0.00083667722	7.2104958e-08	8.1734488e-06	8.3667722e-06	7.2104958e-10	0.0079664033
-4	-4	5	0.00080779338	0.00083924648	-1.5882848e-06	8.0779338e-06	8.3924648e-06	-1.5882848e-08	0.0062886457
-4	-2	5	0.00078600185	0.00082165651	-1.3528648e-06	7.8600185e-06	8.2165651e-06	-1.3528648e-08	0.0046271829
-4	0	5	0.00078989539	0.00081998212	-4.3101097e-06	7.8989539e-06	8.1998212e-06	-4.3101097e-08	0.0029864966
-4	2	5	0.00076292413	0.00079131276	-8.5457307e-06	7.6292413e-06	7.9131276e-06	-8.5457307e-08	0.001386644
-4	4	5	0.00076542668	0.00076086475	-6.1392528e-07	7.6542668e-06	7.6086475e-06	-6.1392528e-09	-0.00017249514
-4	6	5	0.00075012564	0.00075053565	3.3177398e-06	7.5012564e-06	7.5053565e-06	3.3177398e-08	-0.0016932583
-4	8	5	0.00070285718	0.00074024158	1.2203842e-06	7.0285718e-06	7.4024158e-06	1.2203842e-08	-0.0032043557
-4	10	5	0.00063482057	0.00078242345	-2.4676683e-05	6.3482057e-06	7.8242345e-06	-2.4676683e-07	-0.0047537185
-4	12	5	0.00076206077	0.00090479626	-5.2636319e-06	7.6206077e-06	9.0479626e-06	-5.2636319e-08	-0.0065113361
-4	14	5	0.00089441319	0.00085955963	-2.0052344e-05	8.9441319e-06	8.5955963e-06	-2.0052344e-07	-0.0083358641
-4	16	5	0.00091083457	0.00077799539	-1.6532644e-05	9.1083457e-06	7.7799539e-06	-1.6532644e-07	-0.010007115
-4	18	5	0.00082596928	0.00079335803	-4.2720216e-06	8.2596928e-06	7.9335803e-06	-4.2720216e-08	-0.011569452
-4	20	5	0.00080790792	0.00078320668	-1.1311232e-05	8.0790792e-06	7.8320668e-06	-1.1311232e-07	-0.013159822
-2	-20	5	0.00079590133	0.00080285401	1.0069361e-05	7.9590133e-06	8.0285401e-06	1.0069361e-07	0.01767806
-2	-18	5	0.00081562445	0.00077876746	9.3157525e-06	8.1562445e-06	7.7876746e-06	9.3157525e-08	0.01609042
-2	-16	5	0.00089863825	0.00064680111	-5.1541605e-06	8.9863825e-06	6.4680111e-06	-5.1541605e-08	0.014624198
-2	-14	5	0.0011998862	0.0006013119	-6.1677921e-05	1.1998862e-06	6.013119e-06	-6.1677921e-07	0.013398816
-2	-12	5	0.0011408929	0.00093692331	1.7474688e-05	1.1408929e-06	9.3692331e-06	1.7474688e-07	0.011867245
-2	-10	5	0.0010509513	0.0010043254	2.1463441e-05	1.0509513e-06	1.0043254e-05	2.1463441e-07	0.0099506769
-2	-8	5	0.00085472413	0.00090757742	4.0524618e-06	8.5472413e-06	9.0757742e-06	4.0524618e-08	0.0080369161
-2	-6	5	0.0008294113	0.00082005822	-9.6584648e-07	8.294113e-06	8.2005822e-06	-9.6584648e-09	0.006311498
-2	-4	5	0.00081644864	0.00082361885	-2.9385594e-07	8.1644864e-06	8.2361885e-06	-2.9385594e-09	0.0046624073
-2	-2	5	0.00080851328	0.00081623901	-8.3793801e-06	8.0851328e-06	8.1623901e-06	-8.3793801e-08	0.0030308694
-2	0	5	0.00079681079	0.00079755516	-1.236016e-05	7.9681079e-06	7.9755516e-06	-1.236016e-07	0.0014110287
-2	2	5	0.00079070238	0.00077960926	-1.5683e-05	7.9070238e-06	7.7960926e-06	-1.5683e-07	-0.00017323973
-2	4	5	0.00077903194	0.00075333305	4.4630917e-07	7.7903194e-06	7.5333305e-06	4.4630917e-09	-0.0017083668
-2	6	5	0.00075669928	0.00075198508	3.168717e-06	7.5669928e-06	7.5198508e-06	3.168717e-08	-0.0032055421
-2	8	5	0.00072526793	0.00069715392	5.3538807e-06	7.2526793e-06	6.9715392e-06	5.3538807e-08	-0.0046146574
-2	10	5	0.00052638217	0.0013306949	-6.6773607e-05	5.2638217e-06	1.3306949e-06	-6.6773607e-07	-0.0058153451
-2	12	5	0.00080270617	0.0009706717	-3.0816099e-06	8.0270617e-06	9.706717e-07	-3.0816099e-08	-0.0080643514
-2	14	5	0.0008142519	0.0012126891	-1.9727357e-05	8.142519e-06	1.2126891e-06	-1.9727357e-07	-0.010082035
-2	16	5	0.00093229878	0.00063329496	2.4746789e-05	9.3229878e-06	6.3329496e-06	2.4746789e-07	-0.011851049
-2	18	5	0.00083167633	0.00074442051	-3.094689e-05	8.3167633e-06	7.4442051e-06	-3.094689e-07	-0.013247557
-2	20	5	0.00079166142	0.0007816717	-8.6301992e-06	7.9166142e-06	7.816717e-06	-8.6301992e-08	-0.014764464
0	-20	5	0.00081863302	0.00081861497	-2.6232445e-05	8.1863302e-06	8.1861497e-06	-2.6232445e-07	0.016052222
0	-18	5	0.00087974619	0.0008131041	7.7895153e-06	8.7974619e-06	8.131041e-06	7.7895153e-08	0.014404186
0	-16	5	0.00088173601	0.00080895937	7.1494753e-06	8.8173601e-06	8.0895937e-06	7.1494753e-08	0.012782208
0	-14	5	0.0010565658	0.00081574691	-2.6977539e-06	1.0565658e-06	8.1574691e-06	-2.6977539e-08	0.011157585
0	-12	5	0.0010577819	0.00081490527	1.7512624e-06	1.0577819e-06	8.1490527e-06	1.7512624e-08	0.0095212805
0	-10	5	0.00099471189	0.0007706871	3.2858747e-06	9.9471189e-06	7.706871e-06	3.2858747e-08	0.0078996165
0	-8	5	0.00093082517	0.00082892346	1.0631522e-05	9.3082517e-06	8.2892346e-06	1.0631522e-07	0.0062514243
0	-6	5	0.00084818539	0.00081987008	-3.7269812e-06	8.4818539e-06	8.1987008e-06	-3.7269812e-08	0.0046440104
0	-4	5	0.00082239801	0.00081251388	-4.7571581e-06	8.2239801e-06	8.1251388e-06	-4.7571581e-08	0.0030168181
0	-2	5	0.00081127496	0.00080180775	-5.4865745e-06	8.1127496e-06	8.0180775e-06	-5.4865745e-08	0.0013992298
0	0	5	0.000807824	0.00078778852	-8.3119652e-06	8.07824e-06	7.8778852e-06	-8.3119652e-08	-0.00019773823
0	2	5	0.00081176998	0.00077509675	-8.0884717e-06	8.1176998e-06	7.7509675e-06	-8.0884717e-08	-0.0017590692
0	4	5	0.00079600647	0.00075988307	-2.1903339e-06	7.9600647e-06	7.5988307e-06	-2.1903339e-08	-0.003285586
0	6	5	0.00078890765	0.00071036961	-8.8511097e-06	7.8890765e-06	7.1036961e-06	-8.8511097e-08	-0.0047630319
0	8	5	0.00081146428	0.00064904693	1.9751504e-05	8.1146428e-06	6.4904693e-06	1.9751504e-07	-0.0061194975
0	10	5	0.00085406948	0.00038985545	6.5412616e-06	8.5406948e-06	3.8985545e-06	6.5412616e-08	-0.0070713762
0	12	5	0.00077788913	0.00092889698	3.2363752e-06	7.7788913e-06	9.2889698e-07	3.2363752e-08	-0.0096513566
0	14	5	0.0007987746	0.0014837062	-7.3257776e-05	7.987746e-06	1.4837062e-06	-7.3257776e-07	-0.01173437
0	16	5	0.00085454373	0.00046462043	-3.035976e-05	8.5454373e-06	4.6462043e-06	-3.035976e-07	-0.013602757
0	18	5	0.00078264215	0.00071933261	-5.135102e-05	7.8264215e-06	7.1933261e-06	-5.135102e-07	-0.014867422
0	20	5	0.00077615409	0.00077594271	-1.1426038e-05	7.7615409e-06	7.7594271e-06	-1.1426038e-07	-0.016350298
2	-20	5	0.00080655537	0.00084342664	1.1511391e-07	8.0655537e-06	8.4342664e-06	1.1511391e-09	0.014426213
2	-18	5	0.00082585536	0.000886756	-8.7556408e-06	8.2585536e-06	8.86756e-06	-8.7556408e-08	0.012727031
2	-16	5	0.00096833219	0.0009820184	1.211903e-05	9.6833219e-06	9.820184e-06	1.211903e-07	0.010903182
2	-14	5	0.0011511319	0.00095919117	4.2666471e-05	1.1511319e-06	9.5919117e-06	4.2666471e-07	0.0089516278
2	-12	5	0.00114409	0.00068243459	-1.2315186e-05	1.14409e-06	6.8243459e-06	-1.2315186e-07	0.0071692257
2	-10	5	0.0010595621	0.00068153799	5.0128593e-05	1.0595621e-05	6.8153799e-06	5.0128593e-07	0.0058408737
2	-8	5	0.00088926152	0.00075256106	-5.5109953e-06	8.8926152e-06	7.5256106e-06	-5.5109953e-08	0.0044893954
2	-6	5	0.00083641159	0.00079650464	-9.0777806e-06	8.3641159e-06	7.9650464e-06	-9.0777806e-08	0.0029527118
2	-4	5	0.00083258906	0.00080345644	-1.1948757e-05	8.3258906e-06	8.0345644e-06	-1.1948757e-07	0.0013484165
2	-2	5	0.00083198074	0.00079982322	-6.3767199e-06	8.3198074e-06	7.9982322e-06	-6.3767199e-08	-0.00025294547
2	0	5	0.00083101183	0.00078762326	-1.2086231e-05	8.3101183e-06	7.8762326e-06	-1.2086231e-07	-0.0018398313
2	2	5	0.00082974913	0.00076522816	-2.1750514e-06	8.2974913e-06	7.6522816e-06	-2.1750514e-08	-0.0033954471
2	4	5	0.00083498471	0.00075467587	5.2226923e-07	8.3498471e-06	7.5467587e-06	5.2226923e-09	-0.004915595
2	6	5	0.00082630948	0.00071280023	-1.039249e-05	8.2630948e-06	7.1280023e-06	-1.039249e-07	-0.0063888384
2	8	5	0.00090658389	0.0006609413	1.4574552e-05	9.0658389e-06	6.609413e-06	1.4574552e-07	-0.0077826407
2	10	5	0.0011008121	0.0013078992	-9.7986756e-05	1.1008121e-05	1.3078992e-06	-9.7986756e-07	-0.0089911155
2	12	5	0.00077338889	0.00098147843	-9.1224903e-06	7.7338889e-06	9.8147843e-07	-9.1224903e-08	-0.011223877
2	14	5	0.00079759297	0.0010538249	-4.7573963e-06	7.9759297e-06	1.0538249e-06	-4.7573963e-08	-0.013185694
2	16	5	0.00064269997	0.00070425249	-3.1877184e-05	6.4269997e-06	7.0425249e-06	-3.1877184e-07	-0.015020126
2	18	5	0.0007364195	0.00074645552	-2.3483972e-05	7.364195e-06	7.4645552e-06	-2.3483972e-07	-0.016389386
2	20	5	0.00075751608	0.00078537299	-9.2432784e-06	7.5751608e-06	7.8537299e-06	-9.2432784e-08	-0.017895278
4	-20	5	0.00079516536	0.000843806	-1.1802721e-06	7.9516536e-06	8.43806e-06	-1.1802721e-08	0.012827608
4	-18	5	0.00079465546	0.00086033833	9.1869031e-07	7.9465546e-06	8.6033833e-06	9.1869031e-09	0.011119703
4	-16	5	0.00072986407	0.0009890053	-3.0703659e-06	7.2986407e-06	9.890053e-06	-3.0703659e-08	0.0093267459
4	-14	5	0.00066531827	0.00087070159	-6.3187223e-06	6.6531827e-06	8.7070159e-06	-6.3187223e-08	0.0075064136
4	-12	5	0.00060957513	0.00080794313	2.5386272e-05	6.0957513e-06	8.0794313e-06	2.5386272e-07	0.0057822342
4	-10	5	0.00069080622	0.00074780585	-1.6292856e-05	6.9080622e-06	7.4780585e-06	-1.6292856e-07	0.004302358
4	-8	5	0.00079989501	0.00077125729	1.1763416e-05	7.9989501e-06	7.7125729e-06	1.1763416e-07	0.0028494057
4	-6	5	0.00081560207	0.00079634292	-2.226963e-05	8.1560207e-06	7.9634292e-06	-2.226963e-07	0.0012866143
4	-4	5	0.00084900368	0.00080997921	-1.7260696e-05	8.4900368e-06	8.0997921e-06	-1.7260696e-07	-0.00031942667
4	-2	5	0.00085315614	0.00081291078	-1.3568848e-05	8.5315614e-06	8.1291078e-06	-1.3568848e-07	-0.0019387774
4	0	5	0.00085460629	0.00078915096	-1.0854009e-05	8.5460629e-06	7.8915096e-06	-1.0854009e-07	-0.0035295918
4	2	5	0.00084642421	0.00076293548	-9.7153815e-06	8.4642421e-06	7.6293548e-06	-9.7153815e-08	-0.0050710171
4	4	5	0.00083895382	0.00075010038	-5.6059639e-06	8.3895382e-06	7.5010038e-06	-5.6059639e-08	-0.006581288
4	6	5	0.00084346033	0.00073322564	-1.0923979e-05	8.4346033e-06	7.3322564e-06	-1.0923979e-07	-0.0080602599
4	8	5	0.00087884568	0.00073743717	7.0237393e-06	8.7884568e-06	7.3743717e-06	7.0237393e-08	-0.0095470781
4	10	5	0.00095966438	0.0008067377	-2.7289191e-05	9.5966438e-06	8.067377e-06	-2.7289191e-07	-0.011083257
4	12	5	0.00081940484	0.00088063673	-6.3284073e-06	8.1940484e-06	8.8063673e-06	-6.3284073e-08	-0.012829611
4	14	5	0.00061232759	0.00090242931	-5.1486019e-05	6.1232759e-06	9.0242931e-06	-5.1486019e-07	-0.01465277
4	16	5	0.00062781415	0.00072781768	-3.0830832e-05	6.2781415e-06	7.2781768e-06	-3.0830832e-07	-0.016309572
4	18	5	0.00072089529	0.00075981952	-1.7535117e-05	7.2089529e-06	7.5981952e-06	-1.7535117e-07	-0.017835414
4	20	5	0.00075651228	0.00078228279	-1.322847e-05	7.5651228e-06	7.8228279e-06	-1.322847e-07	-0.019405971
6	-20	5	0.00078729372	0.00084777562	-3.0283145e-06	7.8729372e-06	8.4777562e-06	-3.0283145e-08	0.011237624
6	-18	5	0.00078161957	0.00084899841	-6.5701782e-06	7.8161957e-06	8.4899841e-06	-6.5701782e-08	0.0095412995
6	-16	5	0.00075791797	0.00086569181	-4.8671916e-06	7.5791797e-06	8.6569181e-06	-4.8671916e-08	0.0078286484
6	-14	5	0.00072074869	0.00085393539	-1.7568862e-06	7.2074869e-06	8.5393539e-06	-1.7568862e-08	0.0061199953
6	-12	5	0.00071186383	0.00081681982	-6.4320827e-06	7.1186383e-06	8.1681982e-06	-6.4320827e-08	0.0044553247
6	-10	5	0.0007447595	0.00078477615	-1.7628862e-05	7.447595e-06	7.8477615e-06	-1.7628862e-07	0.0028565565
6	-8	5	0.00080631649	0.0008131103	-1.4838454e-05	8.0631649e-06	8.131103e-06	-1.4838454e-07	0.0012884263
6	-6	5	0.00079253717	0.00084391141	-9.9109949e-06	7.9253717e-06	8.4391141e-06	-9.9109949e-08	-0.00034496295
6	-4	5	0.00087330356	0.00085910731	-1.2344618e-05	8.7330356e-06	8.5910731e-06	-1.2344618e-07	-0.002014176
6	-2	5	0.0008690447	0.00082338778	-1.2502828e-05	8.690447e-06	8.2338778e-06	-1.2502828e-07	-0.0036740516
6	0	5	0.00093610895	0.00077062543	-1.2041146e-05	9.3610895e-06	7.7062543e-06	-1.2041146e-07	-0.0052955272
6	2	5	0.00090440822	0.00073510866	-3.8845274e-05	9.0440822e-06	7.3510866e-06	-3.8845274e-07	-0.0068247954
6	4	5	0.00085382313	0.00071675866	-1.2113658e-05	8.5382313e-06	7.1675866e-06	-1.2113658e-07	-0.0082812003
6	6	5	0.00083964707	0.00073157265	-1.5540659e-05	8.3964707e-06	7.3157265e-06	-1.5540659e-07	-0.0097346202
6	8	5	0.00082184497	0.00075891252	-1.1714968e-05	8.2184497e-06	7.5891252e-06	-1.1714968e-07	-0.011233804
6	10	5	0.00082889223	0.00081170241	-8.1067026e-06	8.2889223e-06	8.1170241e-06	-8.1067026e-08	-0.012792467
6	12	5	0.0008154295	0.0008338604	-1.3086725e-05	8.154295e-06	8.338604e-06	-1.3086725e-07	-0.014434722
6	14	5	0.00075393848	0.00082197607	-8.0794953e-06	7.5393848e-06	8.2197607e-06	-8.0794953e-08	-0.016077324
6	16	5	0.00075202102	0.00082300048	-1.7834664e-06	7.5202102e-06	8.2300048e-06	-1.7834664e-08	-0.017720737
6	18	5	0.00075085647	0.00079628578	-2.0969411e-05	7.5085647e-06	7.9628578e-06	-2.0969411e-07	-0.019331091
6	20	5	0.00075972172	0.0008003359	-1.228838e-05	7.5972172e-06	8.003359e-06	-1.228838e-07	-0.02091648
8	-20	5	0.00078881364	0.00084824576	1.8820541e-06	7.8881364e-06	8.4824576e-06	1.8820541e-08	0.0096616347
8	-18	5	0.0007840025	0.00084197358	-3.3127104e-06	7.840025e-06	8.4197358e-06	-3.3127104e-08	0.0079764107
8	-16	5	0.0007731649	0.00084429023	-6.2695854e-07	7.731649e-06	8.4429023e-06	-6.2695854e-09	0.0062988124
8	-14	5	0.00075989048	0.00083366608	-3.9372597e-06	7.5989048e-06	8.3366608e-06	-3.9372597e-08	0.0046286999
8	-12	5	0.00075436461	0.00081815232	-4.4385764e-06	7.5436461e-06	8.1815232e-06	-4.4385764e-08	0.0029777428
8	-10	5	0.00075963014	0.00081423484	-5.3853008e-06	7.5963014e-06	8.1423484e-06	-5.3853008e-08	0.0013506805
8	-8	5	0.00077323416	0.00082593608	-1.295173e-05	7.7323416e-06	8.2593608e-06	-1.295173e-07	-0.0002803449
8	-6	5	0.00081396002	0.00084979664	-1.4584196e-05	8.1396002e-06	8.4979664e-06	-1.4584196e-07	-0.0019538351
8	-4	5	0.00081531433	0.00087430266	3.3888759e-07	8.1531433e-06	8.7430266e-06	3.3888759e-09	-0.0037092588
8	-2	5	0.00096958225	0.00094449089	2.6215625e-05	9.6958225e-06	9.4449089e-06	2.6215625e-07	-0.0055895182
8	0	5	0.0010468583	0.0008296146	-1.9610448e-05	1.0468583e-05	8.296146e-06	-1.9610448e-07	-0.0072667984
8	2	5	0.0010134774	0.000686122	3.0225148e-06	1.0134774e-05	6.86122e-06	3.0225148e-08	-0.0087231803
8	4	5	0.0008765575	0.00063923752	-6.5046487e-05	8.765575e-06	6.3923752e-06	-6.5046487e-07	-0.010024547
8	6	5	0.00080973207	0.00073193494	-1.1835e-05	8.0973207e-06	7.3193494e-06	-1.1835e-07	-0.011369201
8	8	5	0.00080703935	0.00076791663	-7.9996419e-06	8.0703935e-06	7.6791663e-06	-7.9996419e-08	-0.012847666
8	10	5	0.00079558758	0.00078312323	-7.7124793e-06	7.9558758e-06	7.8312323e-06	-7.7124793e-08	-0.014399609
8	12	5	0.00077335092	0.00080671639	-1.4809611e-05	7.7335092e-06	8.0671639e-06	-1.4809611e-07	-0.015997699
8	14	5	0.00076754582	0.00080680831	-8.1434762e-06	7.6754582e-06	8.0680831e-06	-8.1434762e-08	-0.017608735
8	16	5	0.00075856287	0.00080186561	-1.0159643e-05	7.5856287e-06	8.0186561e-06	-1.0159643e-07	-0.019222876
8	18	5	0.00074895294	0.00079199492	-1.5774905e-05	7.4895294e-06	7.9199492e-06	-1.5774905e-07	-0.020831473
8	20	5	0.00075226153	0.00080150265	-9.1172097e-06	7.5226153e-06	8.0150265e-06	-9.1172097e-08	-0.022432639
10	-20	5	0.00079315757	0.00083615316	8.144376e-07	7.9315757e-06	8.3615316e-06	8.144376e-09	0.0080790205
10	-18	5	0.00078809338	0.00083233009	-2.3556782e-06	7.8809338e-06	8.3233009e-06	-2.3556782e-08	0.0064043439
10	-16	5	0.00077818736	0.00083086921	-1.6485239e-06	7.7818736e-06	8.3086921e-06	-1.6485239e-08	0.0047453336
10	-14	5	0.00077706769	0.00082306221	-1.36633e-06	7.7706769e-06	8.2306221e-06	-1.36633e-08	0.0030885583
10	-12	5	0.00076877419	0.00081435731	-4.32595e-06	7.6877419e-06	8.1435731e-06	-4.32595e-08	0.001452769
10	-10	5	0.00076706118	0.00081032402	-3.7372643e-06	7.6706118e-06	8.1032402e-06	-3.7372643e-08	-0.00017328114
10	-8	5	0.00075496369	0.00082354561	-2.0915796e-06	7.5496369e-06	8.2354561e-06	-2.0915796e-08	-0.0018109061
10	-6	5	0.00073914738	0.00087347392	7.57175e-06	7.3914738e-06	8.7347392e-06	7.57175e-08	-0.0035113015
10	-4	5	0.0006236468	0.00098769214	6.5880024e-06	6.236468e-06	9.8769214e-06	6.5880024e-08	-0.0053610128
10	-2	5	0.00019911816	0.0012361578	-9.4705838e-06	1.9911816e-05	1.2361578e-05	-9.4705838e-07	-0.007832276
10	0	5	0.00014120457	0.00077778911	-7.1706808e-06	1.4120457e-05	7.7778911e-06	-7.1706808e-07	-0.0095985612
10	2	5	0.00022367656	0.00034259442	-1.5677763e-05	2.2367656e-05	3.4259442e-06	-1.5677763e-06	-0.010968892
10	4	5	0.00076064018	0.00055193346	3.1491645e-05	7.6064018e-06	5.5193346e-06	3.1491645e-07	-0.011689692
10	6	5	0.00076099649	0.00071159618	4.3787246e-06	7.6099649e-06	7.1159618e-06	4.3787246e-08	-0.012941805
10	8	5	0.00077351127	0.00076312579	-1.5141364e-05	7.7351127e-06	7.6312579e-06	-1.5141364e-07	-0.014415869
10	10	5	0.0007727821	0.00078442702	-9.0261843e-06	7.727821e-06	7.8442702e-06	-9.0261843e-08	-0.015962662
10	12	5	0.00077252302	0.00079662998	-7.8697946e-06	7.7252302e-06	7.9662998e-06	-7.8697946e-08	-0.017547493
10	14	5	0.00077002761	0.00080094872	-8.5736308e-06	7.7002761e-06	8.0094872e-06	-8.5736308e-08	-0.01914542
10	16	5	0.00076706174	0.00079993481	-9.5943462e-06	7.6706174e-06	7.9993481e-06	-9.5943462e-08	-0.020746645
10	18	5	0.00076433426	0.00080009368	-1.0846892e-05	7.6433426e-06	8.0009368e-06	-1.0846892e-07	-0.022348696
10	20	5	0.00076186291	0.00080180509	-1.1481765e-05	7.6186291e-06	8.0180509e-06	-1.1481765e-07	-0.023950791
12	-20	5	0.00079975187	0.0008345732	5.0786032e-08	7.9975187e-06	8.345732e-06	5.0786032e-10	0.0064875259
12	-18	5	0.00079295443	0.00082962125	-1.3820362e-06	7.9295443e-06	8.2962125e-06	-1.3820362e-08	0.0048219048
12	-16	5	0.00079054513	0.00082105582	-3.7128287e-07	7.9054513e-06	8.2105582e-06	-3.7128287e-09	0.0031691178
12	-14	5	0.00078528962	0.00081533621	-3.9182013e-06	7.8528962e-06	8.1533621e-06	-3.9182013e-08	0.0015289204
12	-12	5	0.00078007595	0.00080482887	-4.4686e-06	7.8007595e-06	8.0482887e-06	-4.4686e-08	-9.364321e-05
12	-10	5	0.00077111276	0.00080697999	-3.8910237e-06	7.7111276e-06	8.0697999e-06	-3.8910237e-08	-0.0017099487
12	-8	5	0.00074445659	0.00080292121	-9.3968969e-06	7.4445659e-06	8.0292121e-06	-9.3968969e-08	-0.0033204615
12	-6	5	0.00069715103	0.0008083316	4.611558e-06	6.9715103e-06	8.083316e-06	4.611558e-08	-0.0049215593
12	-4	5	0.00056879473	0.00069693393	-3.2543555e-06	5.6879473e-06	6.9693393e-06	-3.2543555e-08	-0.006594226
12	-2	5	0.00030194132	0.00086634855	-5.3488951e-06	3.0194132e-05	8.6634855e-06	-5.3488951e-07	-0.0083035132
12	0	5	0.00018183231	0.00079274058	-3.3568258e-06	1.8183231e-05	7.9274058e-06	-3.3568258e-07	-0.0099208526
12	2	5	0.00029935104	0.00071893844	-4.1038365e-06	2.9935104e-05	7.1893844e-06	-4.1038365e-07	-0.011448278
12	4	5	0.00055963832	0.00073891003	2.6223384e-05	5.5963832e-06	7.3891003e-06	2.6223384e-07	-0.012874016
12	6	5	0.00070712254	0.00073042746	-2.4462635e-05	7.0712254e-06	7.3042746e-06	-2.4462635e-07	-0.014368649
12	8	5	0.00074448257	0.00077968651	-1.2728394e-05	7.4448257e-06	7.7968651e-06	-1.2728394e-07	-0.015928613
12	10	5	0.00076904994	0.00078961956	-8.661095e-06	7.6904994e-06	7.8961956e-06	-8.661095e-08	-0.01750771
12	12	5	0.00077089777	0.00079381204	-7.3559404e-06	7.7089777e-06	7.9381204e-06	-7.3559404e-08	-0.019092969
12	14	5	0.00077303293	0.00079739585	-9.5469771e-06	7.7303293e-06	7.9739585e-06	-9.5469771e-08	-0.020687691
12	16	5	0.0007700096	0.00079793384	-8.7410832e-06	7.700096e-06	7.9793384e-06	-8.7410832e-08	-0.022282933
12	18	5	0.00076793477	0.00079801206	-1.0999972e-05	7.6793477e-06	7.9801206e-06	-1.0999972e-07	-0.023879429
12	20	5	0.0007663565	0.00079968423	-1.0789453e-05	7.663565e-06	7.9968423e-06	-1.0789453e-07	-0.025478111
14	-20	5	0.00080182676	0.00083199373	-3.2644418e-08	8.0182676e-06	8.3199373e-06	-3.2644418e-10	0.0048853437
14	-18	5	0.00080253668	0.00082379487	-2.7090929e-07	8.0253668e-06	8.2379487e-06	-2.7090929e-09	0.0032275865
14	-16	5	0.00079803623	0.00081763945	-2.1474647e-06	7.9803623e-06	8.1763945e-06	-2.1474647e-08	0.0015797819
14	-14	5	0.00079665889	0.00081107454	-1.9596982e-06	7.9665889e-06	8.1107454e-06	-1.9596982e-08	-4.7864467e-05
14	-12	5	0.00079205216	0.00080595897	6.4977916e-08	7.9205216e-06	8.0595897e-06	6.4977916e-10	-0.0016645993
14	-10	5	0.00077845372	0.00078378214	-2.1106353e-06	7.7845372e-06	7.8378214e-06	-2.1106353e-08	-0.0032607066
14	-8	5	0.00076382611	0.00077306548	-5.1532947e-06	7.6382611e-06	7.7306548e-06	-5.1532947e-08	-0.0048235855
14	-6	5	0.00071722484	0.00075408641	1.3021583e-06	7.1722484e-06	7.5408641e-06	1.3021583e-08	-0.0063345654
14	-4	5	0.00060530446	0.00061841206	5.1255483e-06	6.0530446e-06	6.1841206e-06	5.1255483e-08	-0.0077385021
14	-2	5	0.00022690885	0.00064690995	1.0952187e-05	2.2690885e-05	6.4690995e-06	1.0952187e-06	-0.0088345178
14	0	5	0.00015345359	0.00075384561	1.4130145e-05	1.5345359e-05	7.5384561e-06	1.4130145e-06	-0.010270766
14	2	5	0.00025721667	0.00093183739	5.9425111e-06	2.5721667e-05	9.3183739e-06	5.9425111e-07	-0.011983996
14	4	5	0.00054334549	0.00090144619	-1.1466085e-05	5.4334549e-06	9.0144619e-06	-1.1466085e-07	-0.014026154
14	6	5	0.00073975777	0.00082289108	-6.3363658e-06	7.3975777e-06	8.2289108e-06	-6.3363658e-08	-0.015789951
14	8	5	0.00075336828	0.00080961187	-3.5672126e-06	7.5336828e-06	8.0961187e-06	-3.5672126e-08	-0.01743488
14	10	5	0.00077109915	0.00080108989	-5.536245e-06	7.7109915e-06	8.0108989e-06	-5.536245e-08	-0.01904295
14	12	5	0.00077356505	0.00079728708	-6.5392054e-06	7.7356505e-06	7.9728708e-06	-6.5392054e-08	-0.020640137
14	14	5	0.00077615646	0.00079650199	-8.5851942e-06	7.7615646e-06	7.9650199e-06	-8.5851942e-08	-0.022233656
14	16	5	0.0007743843	0.00079598486	-9.2008613e-06	7.743843e-06	7.9598486e-06	-9.2008613e-08	-0.023825747
14	18	5	0.00077092063	0.00079673578	-1.023947e-05	7.7092063e-06	7.9673578e-06	-1.023947e-07	-0.025418327
14	20	5	0.00076754404	0.00079704038	-1.1605979e-05	7.6754404e-06	7.9704038e-06	-1.1605979e-07	-0.02701192
16	-20	5	0.00081056662	0.0008313499	3.9270694e-07	8.1056662e-06	8.313499e-06	3.9270694e-09	0.0032723393
16	-18	5	0.00080973465	0.00082476015	-4.0652191e-07	8.0973465e-06	8.2476015e-06	-4.0652191e-09	0.0016165169
16	-16	5	0.00080621434	0.00081496355	1.5707382e-06	8.0621434e-06	8.1496355e-06	1.5707382e-08	-2.1085095e-05
16	-14	5	0.00080072771	0.00080794372	-4.975456e-08	8.0072771e-06	8.0794372e-06	-4.975456e-10	-0.0016446777
16	-12	5	0.0007925746	0.0007943051	-7.0165981e-06	7.925746e-06	7.943051e-06	-7.0165981e-08	-0.0032499359
16	-10	5	0.00079252953	0.00078184806	1.4983767e-06	7.9252953e-06	7.8184806e-06	1.4983767e-08	-0.0048305952
16	-8	5	0.00078843286	0.00075375629	6.4627264e-06	7.8843286e-06	7.5375629e-06	6.4627264e-08	-0.0063693783
16	-6	5	0.00077772714	0.0006984372	1.0271581e-05	7.7772714e-06	6.984372e-06	1.0271581e-07	-0.0078488732
16	-4	5	0.00083053716	0.00061496988	-4.5669192e-05	8.3053716e-06	6.1496988e-06	-4.5669192e-07	-0.0091705532
16	-2	5	0.0011169436	0.00065568006	6.37172e-06	1.1169436e-05	6.5568006e-06	6.37172e-08	-0.010235458
16	0	5	0.001223812	0.00081008365	-1.8794812e-05	1.223812e-05	8.1008365e-06	-1.8794812e-07	-0.011659431
16	2	5	0.0011191283	0.00098537763	-9.5569016e-06	1.1191283e-05	9.8537763e-06	-9.5569016e-08	-0.013407283
16	4	5	0.00081271824	0.0010041404	-1.1310721e-05	8.1271824e-06	1.0041404e-05	-1.1310721e-07	-0.01544705
16	6	5	0.00079013037	0.00085765138	-3.8418227e-06	7.9013037e-06	8.5765138e-06	-3.8418227e-08	-0.017290238
16	8	5	0.00078298202	0.00081673559	-4.8713761e-06	7.8298202e-06	8.1673559e-06	-4.8713761e-08	-0.018971104
16	10	5	0.00078257144	0.00080462181	-7.4322596e-06	7.8257144e-06	8.0462181e-06	-7.4322596e-08	-0.020596919
16	12	5	0.00078102006	0.00079957251	-1.0414656e-05	7.8102006e-06	7.9957251e-06	-1.0414656e-07	-0.022195137
16	14	5	0.00077987076	0.00079428297	-7.3629304e-06	7.7987076e-06	7.9428297e-06	-7.3629304e-08	-0.02378867
16	16	5	0.00077669001	0.0007928327	-9.1678244e-06	7.7669001e-06	7.928327e-06	-9.1678244e-08	-0.02537621
16	18	5	0.00077558874	0.00079352987	-1.0726084e-05	7.7558874e-06	7.9352987e-06	-1.0726084e-07	-0.026962705
16	20	5	0.0007717801	0.00079330686	-1.1442792e-05	7.717801e-06	7.9330686e-06	-1.1442792e-07	-0.028550398
18	-20	5	0.00081878095	0.00082988491	2.3347941e-07	8.1878095e-06	8.2988491e-06	2.3347941e-09	0.0016437931
18	-18	5	0.0008172075	0.00082109811	-9.2660244e-07	8.172075e-06	8.2109811e-06	-9.2660244e-09	-8.1764872e-06
18	-16	5	0.00081532463	0.00081385646	-3.2200682e-07	8.1532463e-06	8.1385646e-06	-3.2200682e-09	-0.0016431165
18	-14	5	0.00081255893	0.00080394038	1.5676932e-06	8.1255893e-06	8.0394038e-06	1.5676932e-08	-0.0032600696
18	-12	5	0.00081181797	0.00079292692	-1.411808e-07	8.1181797e-06	7.9292692e-06	-1.411808e-09	-0.0048601029
18	-10	5	0.00080911134	0.00078268225	-1.6200077e-07	8.0911134e-06	7.8268225e-06	-1.6200077e-09	-0.0064342758
18	-8	5	0.00081258487	0.00076005089	-1.2309113e-05	8.1258487e-06	7.6005089e-06	-1.2309113e-07	-0.0079709654
18	-6	5	0.00083351579	0.00073395823	8.4836969e-06	8.3351579e-06	7.3395823e-06	8.4836969e-08	-0.0094729131
18	-4	5	0.00084471425	0.00070865403	9.8678269e-06	8.4471425e-06	7.0865403e-06	9.8678269e-08	-0.010910276
18	-2	5	0.00094725357	0.00070314533	1.638832e-05	9.4725357e-06	7.0314533e-06	1.638832e-07	-0.012323606
18	0	5	0.00096298593	0.00074888149	-4.0600176e-06	9.6298593e-06	7.4888149e-06	-4.0600176e-08	-0.013807317
18	2	5	0.00098760649	0.00084707912	-1.352754e-05	9.8760649e-06	8.4707912e-06	-1.352754e-07	-0.015459524
18	4	5	0.000908254	0.00085565267	2.8496258e-05	9.08254e-06	8.5565267e-06	2.8496258e-07	-0.017180379
18	6	5	0.00082498805	0.00084887298	-5.3002282e-06	8.2498805e-06	8.4887298e-06	-5.3002282e-08	-0.018894806
18	8	5	0.00079920987	0.00081878165	-3.0294951e-06	7.9920987e-06	8.1878165e-06	-3.0294951e-08	-0.020552422
18	10	5	0.00079231899	0.00080216909	-2.4280318e-06	7.9231899e-06	8.0216909e-06	-2.4280318e-08	-0.022172549
18	12	5	0.00078871287	0.0007967455	-6.7527508e-06	7.8871287e-06	7.967455e-06	-6.7527508e-08	-0.023767145
18	14	5	0.00078339987	0.00079115856	-8.3010218e-06	7.8339987e-06	7.9115856e-06	-8.3010218e-08	-0.025352673
18	16	5	0.00078209499	0.00078955808	-8.8246089e-06	7.8209499e-06	7.8955808e-06	-8.8246089e-08	-0.026935232
18	18	5	0.00077671686	0.00079012699	-1.1668644e-05	7.7671686e-06	7.9012699e-06	-1.1668644e-07	-0.028514323
18	20	5	0.00077332511	0.0007886949	-1.1950386e-05	7.7332511e-06	7.886949e-06	-1.1950386e-07	-0.030095485
20	-20	5	0.00082612053	0.00082790772	-1.2435375e-07	8.2612053e-06	8.2790772e-06	-1.2435375e-09	-4.2730447e-07
20	-18	5	0.00082421792	0.0008214132	-1.0640575e-06	8.2421792e-06	8.214132e-06	-1.0640575e-08	-0.0016496255
20	-16	5	0.00082282321	0.00081169801	-1.3467646e-06	8.2282321e-06	8.1169801e-06	-1.3467646e-08	-0.0032821479
20	-14	5	0.00082530467	0.00080332719	-1.4521416e-07	8.2530467e-06	8.0332719e-06	-1.4521416e-09	-0.0048971222
20	-12	5	0.00082549487	0.00079077542	-1.3698483e-07	8.2549487e-06	7.9077542e-06	-1.3698483e-09	-0.006496059
20	-10	5	0.00082543244	0.00078238598	-1.1103953e-06	8.2543244e-06	7.8238598e-06	-1.1103953e-08	-0.0080705163
20	-8	5	0.00083366654	0.00076320408	5.4817447e-06	8.3366654e-06	7.6320408e-06	5.4817447e-08	-0.00961968
20	-6	5	0.00084832027	0.00075686268	2.3378113e-06	8.4832027e-06	7.5686268e-06	2.3378113e-08	-0.011141685
20	-4	5	0.00085636466	0.00075011814	5.7563612e-06	8.5636466e-06	7.5011814e-06	5.7563612e-08	-0.012644326
20	-2	5	0.000888479	0.00075926951	8.5350966e-06	8.88479e-06	7.5926951e-06	8.5350966e-08	-0.014151716
20	0	5	0.00089885795	0.00079921151	9.3629505e-06	8.9885795e-06	7.9921151e-06	9.3629505e-08	-0.015672649
20	2	5	0.00088444769	0.00080687511	8.3700826e-06	8.8444769e-06	8.0687511e-06	8.3700826e-08	-0.017277487
20	4	5	0.00086797449	0.00082859542	4.3326067e-06	8.6797449e-06	8.2859542e-06	4.3326067e-08	-0.018906256
20	6	5	0.00081812481	0.00081316822	-2.6792276e-06	8.1812481e-06	8.1316822e-06	-2.6792276e-08	-0.020540929
20	8	5	0.00081453423	0.00080916496	-1.1477317e-06	8.1453423e-06	8.0916496e-06	-1.1477317e-08	-0.022163367
20	10	5	0.00080504155	0.00079566305	-4.1242367e-06	8.0504155e-06	7.9566305e-06	-4.1242367e-08	-0.023765208
20	12	5	0.00079634822	0.00079144108	-8.1376413e-06	7.9634822e-06	7.9144108e-06	-8.1376413e-08	-0.025351879
20	14	5	0.00078990887	0.00078657338	-8.9140987e-06	7.8990887e-06	7.8657338e-06	-8.9140987e-08	-0.026930981
20	16	5	0.0007862184	0.00078440307	-1.0466672e-05	7.862184e-06	7.8440307e-06	-1.0466672e-07	-0.028504385
20	18	5	0.00078148208	0.00078582361	-1.0506026e-05	7.8148208e-06	7.8582361e-06	-1.0506026e-07	-0.030074232
20	20	5	0.00077690358	0.00078631289	-1.1271263e-05	7.7690358e-06	7.8631289e-06	-1.1271263e-07	-0.0316465
